0-1,9,10
1-0,2,9,10,11
2-1,3,10,11,12
3-2,4,11,12,13
4-3,5,12,13,14
5-4,6,13,14,15
6-5,7,14,15,16
7-6,8,15,16,17
8-7,16,17
9-0,1,10,19,18
10-0,1,2,9,11,18,19,20
11-1,2,3,10,12,19,20,21
12-2,3,4,11,13,20,21,22
13-3,4,5,12,14,21,22,23
14-4,5,6,13,15,22,23,24
15-5,6,7,14,16,23,24,25
16-6,8,15,17,24,25,26
17-7,8,16,25,26
18-9,10,19,27,28
19-9,10,11,18,20,27,28,29
20-10,11,12,19,21,28,29,30
21-11,12,13,20,22,29,30,31
22-12,13,14,21,23,30,31,32
23-13,14,15,22,24,31,32,33
24-14,15,16,23,25,32,33,34
25-15,16,17,24,26,33,34,35
26-16,17,25,34,35
27-18,19,28,36,37
28-18,19,20,27,29,36,37,38
29-19,20,21,28,30,37,38,39
30-20,21,22,29,38,39,40
31-21,22,23,30,39,40,41
32-22,23,24,31,40,41,42
33-23,24,25,32,41,42,43
34-24,25,26,33,42,43,44
35-25,26,34,43,44
36-27,28,37,45,46
37-27,28,29,36,38,45,46,47
38-28,29,30,37,39,46,47,48
39-29,30,31,38,40,47,48,49
40-30,31,32,39,41,48,49,50
41-31,32,33,40,42,49,50,51
42-32,33,34,41,43,50,51,52
43-33,34,35,42,44,51,52,53
44-34,35,43,52,53
45-36,36,46,54,55
46-36,37,38,45,47,54,55,56
47-37,38,39,46,48,55,56,57
48-38,39,40,47,49,56,57,58
49-39,40,41,48,50,57,58,59
50-40,41,42,49,51,58,59,60
51-41,42,43,50,52,59,60,61
52-42,43,44,51,53,60,61,62
53-43,44,52,61,62
54-45,46,55,63,64
55-45,46,47,54,56,63,64,65
56-46,47,48,55,57,64,65,66
57-47,48,49,56,58,65,66,67
58-48,49,50,57,59,66,67,68
59-49,50,51,58,60,67,68,69
60-50,51,52,59,61,68,69,70
61-51,52,53,60,62,69,70,71
62-52,53,61,70,71
63-54,55,64,72,73
64-54,55,56,63,65,72,73,74
65-55,56,57,64,66,73,74,75
66-56,57,58,65,67,74,75,76
67-57,58,59,66,68,75,76,77
68-58,59,60,67,69,76,77,78
69-59,60,61,67,70,77,78,79
70-60,61,62,68,71,78,79,80
71-61,62,78,79,80
72-63,64,73
73-63,64,65,72,74
74-64,65,66,73,74
75-65,66,67,74,75
76-66,67,68,75,76
77-67,68,69,76,77
78-68,69,70,77,78
79-69,70,71,78,79
80-70,71,79
ENDOFLINE

00 01 02 03 04 05 06 07 08 
09 10 11 12 13 14 15 16 17
18 19 20 21 22 23 24 25 26
27 28 29 30 31 32 33 34 35
36 37 38 39 40 41 42 43 44
45 46 47 48 49 50 51 52 53 
54 55 56 57 58 59 60 61 62
63 64 65 66 67 68 69 70 71
72 73 74 75 76 77 78 79 80
